100
492.15335 1.16864 1957.48935
494.15703 1.14341 1945.59972
453.33330 2.08857 1954.48865
492.94843 1.18728 1929.80676
267.45109 1.92522 1838.75595
463.00000 2.00000 926.00000
51.0 2.0 660.0
80.70121 2.11179 1413.64660
220.9 1.0 7.70
494.58134 1.29883 1904.15384
492.83858 1.14498 1945.57468
229.612 3.6329 112.66871
490.82212 1.01714 1951.79737
498.00000 2.00000 996.00000
485.0 1.0 1325.0
187.0 2.0 1240.0
493.07454 1.13558 1943.20574
201.0 1.0 156.0
491.09784 1.03293 1977.77841
36.60596 2.73647 1585.86648
124.0 3.0 1824.0
493.20406 1.09134 1965.45996
280.0 4.0 461.0
458.7234 3.911 93.0
493.93881 1.38207 1944.22614
1.0 1.26167 865.80
495.28298 1.17688 1972.41453
361.45360 1.20352 57.47926
448.00000 2.00000 896.00000
495.50817 1.12001 1909.83063
174.69985 1.17020 455.90475
493.96725 1.15805 1970.18381
464.58914 2.01555 1271.96412
230.30856 2.59279 1537.16972
412.00000 1.00000 444.00000
136.29954 1.09816 57.17880
497.67349 1.16006 1920.41441
427.49737 3.62988 458.31043
1.06739 3.20527 1999.70892
458.95828 3.46662 1103.65047
492.95224 1.33619 1916.34317
495.15439 1.37488 1938.20218
313.0 1.0 1770.4347
495.22771 1.19013 1953.83522
55.514 2.0 111.0
498.87482 1.07043 1938.07064
370.00000 1.00000 391.00000
411.64373 1.91279 345.86945
498.28075 1.02781 1967.82138
500.0000 3.12 318.51
1.09380 3.61321 1999.60415
271.0 1.0 374.0
355.0 2.94637 1796.9
337.47780 2.84235 579.39877
493.06266 1.11913 1913.38211
496.54997 1.42469 1969.06964
497.19872 1.18816 1938.25512
235.51359 1.36380 1987.79522
490.67224 1.04675 1982.03463
492.65952 1.09516 1958.91308
10.46843 2.28301 1697.74883
494.28237 1.04004 1945.86863
318.985 2.7682 45.41
491.16684 1.49479 1921.83472
351.62455 3.25153 51.51015
106.62521 2.21983 800.87184
66.64723 3.59150 622.85833
491.67789 1.17758 1971.95398
178.0 2.0 140.0
449.0 2.0 587.0
467.00000 2.00000 486.00000
298.0 3.0 1267.0
490.88310 1.12004 1904.30841
1.03485 3.89244 1999.22114
492.46709 1.46640 1992.53644
498.00000 1.00000 537.00000
496.87750 1.31377 1991.34688
260.0 4.0 1714.0
1.09796 3.08286 1999.33317
490.75627 1.48926 1950.26043
291.56561 1.09542 107.7258
6.0 1.0 315.0
318.0 4.00000 1459.99
172.87 3.56 1353.02635
458.2 1.12 491.8241
360.82434 2.86427 1972.35350
497.50527 1.48796 1903.80420
1.26728 3.06988 2.17748
169.0 3.0 763.0
491.96285 1.12223 1918.17340
401.573 1.00000 1949.0
394.88 3.0 1.000
455.80 1.942 1551.0
494.65854 1.41556 1903.67685
258.0 4.0 1819.0
7.529 3.3037 1332.408
492.97498 1.02006 1965.23740
30.00000 2.00000 60.00000
24.22195 2.89527 675.47615
266.52 2.189 2000.0000
