50
10
0.75 0.94 0.90 0.98 0.85 0.50 0.46 0.71 0.62 0.67
0.25 0.37 0.19 0.04 0.29 0.08 0.23 0.40 0.21 0.02
10
0.55 0.82 0.98 0.96 0.76 0.75 0.69 0.87 0.80 0.91
0.22 0.38 0.15 0.16 0.11 0.04 0.51 0.49 0.25 0.05
5
0.30 0.85 0.56 0.19 0.74
0.41 0.52 0.93 0.67 0.44
10
0.97 0.82 0.46 0.45 0.22 0.09 0.25 0.92 0.24 0.91
0.71 0.74 0.93 0.39 0.96 0.01 0.49 0.62 0.87 0.08
10
0.28 0.56 0.82 0.32 0.08 0.66 0.26 0.84 0.44 0.30
0.50 0.12 0.86 0.18 0.48 0.16 0.20 0.90 0.10 0.96
3
0.80 0.48 0.64
0.56 0.04 0.76
10
0.45 0.50 0.74 0.62 0.43 0.60 0.88 0.55 0.98 0.05
0.57 0.69 0.36 0.64 0.21 0.81 0.93 0.10 0.17 0.14
9
0.97 0.26 0.81 0.55 0.58 0.06 0.87 0.68 0.61
0.32 0.03 0.10 0.45 0.35 0.84 0.71 0.94 0.23
10
0.76 0.97 0.88 0.15 0.09 0.47 0.29 0.56 0.21 0.12
0.79 0.62 0.35 0.06 0.91 0.26 0.59 0.71 0.65 0.53
10
0.29 0.34 0.76 0.68 0.74 0.24 0.89 0.13 0.18 0.45
0.79 0.53 0.55 0.84 0.82 0.39 0.66 0.37 0.16 0.87
10
0.54 0.81 0.72 0.04 0.65 0.59 0.77 0.10 0.20 0.63
0.29 0.14 0.37 0.94 0.67 0.47 0.87 0.82 0.24 0.60
10
0.87 0.03 0.72 0.39 0.47 0.63 0.37 0.67 0.49 0.13
0.92 0.73 0.04 0.89 0.48 0.96 0.95 0.70 0.32 0.78
4
0.4 0.2 0.8 0.9
0.3 0.1 0.7 0.6
5
0.43 0.14 0.29 0.50 0.21
0.64 0.57 0.86 0.79 0.71
10
0.18 0.42 0.85 0.27 0.70 0.64 0.82 0.76 0.33 0.30
0.88 0.91 0.36 0.12 0.39 0.79 0.58 0.03 0.67 0.48
10
0.74 0.64 0.29 0.75 0.46 0.60 0.22 0.09 0.87 0.12
0.51 0.73 0.99 0.80 0.89 0.32 0.81 0.55 0.18 0.61
3
0.60 0.89 0.40
0.06 0.17 0.20
9
0.58 0.40 0.67 0.21 0.17 0.33 0.12 0.42 0.62
0.96 0.79 0.15 0.48 0.02 0.27 0.90 0.75 0.08
10
0.22 0.20 0.76 0.19 0.96 0.91 0.48 0.43 0.30 0.06
0.41 0.02 0.85 0.94 0.81 0.52 0.04 0.28 0.67 0.89
9
0.18 0.36 0.30 0.21 0.12 0.42 0.52 0.09 0.45
0.67 0.79 0.55 0.91 0.85 0.88 0.94 0.82 0.76
3
0.19 0.07 0.22
0.59 0.70 0.67
10
0.24 0.67 0.75 0.81 0.03 0.82 0.96 0.25 0.20 0.49
0.80 0.42 0.27 0.59 0.94 0.35 0.23 0.90 0.22 0.68
10
0.062 0.425 0.389 0.221 0.009 0.177 0.398 0.584 0.566 0.301
0.655 0.903 0.602 0.912 0.717 0.991 0.938 0.982 0.814 0.867
10
0.708 0.566 0.389 0.726 0.053 0.867 0.416 0.681 0.336 0.761
0.460 0.796 0.150 0.230 0.735 0.159 0.071 0.327 0.611 0.858
3
0.94 0.41 0.26
0.18 0.74 0.44
10
0.49 0.92 0.68 0.95 0.86 0.65 0.41 0.38 0.76 0.59
0.70 0.14 0.16 0.57 0.05 0.73 0.51 0.35 0.54 0.89
7
0.21 0.25 0.31 0.04 0.06 0.56 0.37
0.19 0.17 0.83 0.23 0.52 0.94 0.50
5
0.86 0.61 0.75 0.04 0.21
0.71 0.39 0.25 0.89 0.36
10
0.62 0.88 0.49 0.79 0.18 0.25 0.13 0.96 0.04 0.07
0.68 0.47 0.15 0.97 0.44 0.94 0.50 0.56 0.31 0.99
10
0.62 0.14 0.28 0.40 0.27 0.76 0.20 0.22 0.83 0.81
0.18 0.82 0.57 0.72 0.77 0.51 0.16 0.68 0.91 0.25
1
0.4
0.8
1
0.2
0.5
5
0.19 0.45 0.43 0.96 0.64
0.62 0.36 0.79 0.55 0.47
10
0.44 0.36 0.77 0.75 0.07 0.83 0.20 0.35 0.53 0.59
0.17 0.87 0.45 0.13 0.11 0.67 0.60 0.31 0.95 0.89
5
0.41 0.53 0.35 0.24 0.47
0.82 0.65 0.88 0.76 0.71
3
0.69 0.62 0.88
0.81 0.44 0.12
6
0.54 0.79 0.96 0.62 0.50 0.83
0.12 0.46 0.21 0.25 0.42 0.33
10
0.08 0.53 0.32 0.78 0.72 0.28 0.31 0.35 0.49 0.56
0.77 0.05 0.87 0.88 0.74 0.58 0.79 0.30 0.63 0.47
10
0.45 0.48 0.18 0.40 0.10 0.53 0.55 0.06 0.47 0.05
0.63 0.82 0.89 0.74 0.71 0.94 0.61 0.76 0.68 0.77
3
0.8 0.2 0.4
0.3 0.9 0.7
6
0.74 0.09 0.06 0.24 0.68 0.31
0.96 0.82 0.78 0.91 0.87 0.75
6
0.30 0.60 0.19 0.77 0.35 0.98
0.84 0.95 0.16 0.47 0.91 0.79
8
0.12 0.18 0.88 0.24 0.97 0.50 0.53 0.65
0.47 0.79 0.56 0.41 0.94 0.29 0.74 0.59
10
0.897 0.234 0.159 0.280 0.019 0.103 0.925 0.916 0.271 0.514
0.299 0.794 0.327 0.664 0.692 0.028 0.308 0.944 0.935 0.738
8
0.77 0.79 0.56 0.85 0.92 0.76 0.45 0.46
0.10 0.43 0.07 0.14 0.03 0.31 0.30 0.36
6
0.38 0.40 0.15 0.33 0.42 0.29
0.44 0.47 0.45 0.85 0.60 0.62
10
0.47 0.89 0.37 0.63 0.04 0.50 0.17 0.31 0.21 0.74
0.56 0.36 0.43 0.69 0.13 0.30 0.59 0.84 0.73 0.01
10
0.44 0.21 0.41 0.30 0.07 0.01 0.05 0.40 0.63 0.48
0.53 0.87 0.49 0.55 0.88 0.91 0.29 0.69 0.12 0.50
6
0.95 0.79 0.26 0.53 0.16 0.74
0.11 0.37 0.47 0.63 0.89 0.21
8
0.29 0.33 0.08 0.04 0.38 0.21 0.25 0.17
0.42 0.62 0.92 0.75 0.96 0.79 0.87 0.46
