100
1 2
11
10
5 8
00100110 00001001 00000011 10101101 11000000
10010011 10111111 11011110 01011011 00001011
10 10
0101011011 0000101101 1100010110 0011000101 1110110011 1011000001 0011110100 1110111000 0001001110 1100101010
0100010001 1011110011 0100101101 1000101010 0110110100 1011000010 1101011100 0011000110 1001001001 0110111111
9 6
001000 000001 100001 001001 100101 110110 010010 010011 000111
011111 000100 100001 010110 110010 010000 110110 000101 011110
10 10
1111100100 0111101100 1000100001 0001110101 1010001010 1001010111 0011011010 1110111001 0100000110 0100011011
1111011100 0011111011 1000011001 0110001000 0000010001 1110101010 0011100110 0100100111 1101110111 1001000100
10 10
0001100000 1101001101 1111010001 0010011001 1010100000 0100111111 0110100110 0001010011 1000011110 1111101110
0111100011 0000001110 1111011010 1011100101 0010010010 0010101101 1001111100 1100010000 1100100011 0101011101
8 8
00010111 01101001 11001011 10111010 01111010 10111001 10001111 11001000
11111000 01100000 01010101 00100100 01010110 10010101 10000110 00100111
1 7
0110010
1011000
3 7
0011010 1110111 0001000
0111001 1000110 1010100
10 10
0100100111 0010001010 0000110001 1001111100 1101111010 1111001101 0101000110 1110111001 0011010001 1010000110
1100011101 0110010110 1101101001 0001011010 1110101010 1010101100 1001010110 0000000001 0111110111 0011100001
8 8
00000010 10111000 00100011 00110001 10001010 10101011 10111001 00110000
01100000 11001001 01110011 11111010 11111011 01000001 01110010 11101000
6 9
100111110 100010001 010000011 011100101 100110001 110111000
010000001 010001110 010101110 101011010 000000111 100111100
8 9
110111100 111011000 100111000 000011000 001011110 000010010 101011000 111101000
100001011 010010110 110101111 010111011 100110010 101110011 010011111 000110111
6 7
1001111 1011111 0101101 0111101 0011000 0001000
0100111 0010010 1100000 0110111 0000010 1110000
2 9
010000001 001110110
010000011 001110100
7 9
110110001 000100010 100101110 011100101 101000111 110001010 010000101
000110110 001011111 010101001 110011101 111111101 010010010 100111010
8 10
0101010000 1000010010 0000100001 1011001001 0000011010 0011100110 1111011100 0110001111
0110011011 0001100001 0001011111 0001111001 1011000100 0110111100 1101101110 1100010000
2 4
0011 0010
1000 1001
6 9
100101000 001010011 100001000 110011010 111110100 010001010
100101101 001100010 010001011 001001001 111001100 001001011
6 10
1001111010 0100111111 0110010101 0110010100 0100111110 1001111011
1110001000 1110001001 0001100111 0001100110 0011001101 0011001100
2 5
00111 01111
10001 11001
10 10
1101100010 0010010101 1110101111 0111010011 0111110110 1101001000 0010101000 1000001100 0000111011 1001010101
0011111000 1001011100 1001100001 1100000010 1011001111 1100100111 0010100001 0110111100 0101011011 0110010110
3 10
0001111001 1011101110 1101010110
0000010001 1010000110 0110101001
1 3
010
111
2 5
01111 11011
11110 11111
3 6
010010 001110 000111
010000 011001 000101
2 4
0000 0101
0000 0101
10 10
1011010000 0000101011 0100010111 1010110101 0111011100 1011001001 0100011100 1101100110 0100100011 1011101010
1001101000 1001110001 0101100100 0010010011 0110101111 1000001101 0110100100 0110011011 1001010010 1111011110
4 5
01011 00100 11110 11000
11010 00011 11000 11111
1 7
0111010
0010101
10 10
1100011011 1110101110 0101000100 0111101011 1101010111 1001010101 0011111010 1010001001 0000110100 0010100000
1100110000 1110000101 0111011010 1011001011 0001100100 0101110101 1111001001 0010101010 1000010111 0000111110
8 9
010101111 110011100 010011110 000100011 111101111 101100011 000010010 100010000
111111110 010001111 101110010 000000011 000110010 110001101 010111110 100000001
10 10
1111111010 1000000010 0111111000 1011110001 0101011101 1100001100 0010000101 0000101010 0000110111 1111000111
0100110001 1000001010 0110000011 0011111110 1011000001 0100101100 1111110111 0001011011 1100000100 1011111100
10 10
0100111011 0011110011 1011001001 0001001000 1100010100 1011001010 0100100111 0111110100 1010100101 1100011110
1100100000 0001111100 1110011011 0001110110 0111001101 0110100010 1001001111 1010011100 0110100001 1001010011
10 10
0110000110 0100100111 1110100101 0101010011 0010101001 1001111110 1001011000 1011111000 1011001001 0100010110
1000010111 0100111010 0100011100 1001100011 0110111100 1011000010 1111101101 1001010010 0011100001 0110001101
4 5
10011 11000 00011 00000
00101 10110 11101 00110
2 2
01 00
00 10
1 6
111111
100111
3 5
10000 01001 10010
11110 00111 11100
4 4
1111 0111 0001 1001
1001 0001 1111 0111
6 8
01010000 10000010 10011010 01001011 11100000 11001000
01101101 00001111 01110101 10111111 10100100 00100111
10 6
010011 001001 010111 111000 001011 000000 111010 010101 010001 000010
100010 101011 110111 011000 101001 011010 110011 110101 100000 110001
10 10
0010011000 0001010001 1101100011 0001110001 0000011100 1110101100 1111001110 1110110011 1111100110 0000001111
0111101100 0110100110 1000010110 1010010010 1000000101 0101101001 1001111011 1001011011 0111000100 0110111001
8 5
00100 10100 00110 10001 10000 00001 11000 10011
11110 01000 01111 10110 11111 11101 11010 01010
4 8
11000110 00111001 01100001 10011110
01100000 00111000 11000111 10011111
1 7
1111101
0100101
10 10
0000101111 0001010111 1100110011 0010000110 1011010000 0110101111 1101101001 1110111000 1101001100 0011010000
0110010110 1011111110 0100011101 1000000001 1010101000 1001111001 0101000111 0101100010 1110000001 0011111110
4 4
1100 1010 0010 0100
1100 0100 1010 0010
8 8
00110001 11000111 11111101 10000001 10100001 00111011 00001010 11101001
00010110 00101011 00110110 10010101 00110001 10011111 10011000 11111110
6 8
00101000 01111111 11101000 11111010 01101101 00111010
11111011 10111110 00101001 00111011 10101100 11101001
2 7
0000001 0000010
1100101 1100110
1 9
011001000
001010001
10 10
1111111100 1011101000 1100001010 0011000100 1111110001 0111001011 1001100111 0100001101 0011010101 0101000000
1110110010 1111011001 1010101011 0100001110 1111110010 0110001101 1000011100 0000111111 0000010111 1001101100
7 10
1111111101 0111011101 0011101100 0111101100 1110011000 0001010111 0111111101
0100100001 0101111001 0101101111 0011010101 1101001101 0011101010 1010010111
2 2
00 11
10 01
10 10
1011001011 1110000100 1011111100 0100111011 0100100000 0011100011 1111010110 0001000011 0000111101 1100011100
1010011010 0000100101 1110110000 0001011011 1101111010 1111100010 0101000110 0010000101 0101011101 1010101101
4 6
100110 011100 111110 010110
001001 101011 100001 010001
6 4
0010 1101 0110 1100 1001 1000
0101 0000 1011 1111 0001 0100
10 10
1000010011 0011010101 1010101011 1110010000 1101101101 0100111011 0111111100 0000000110 1001001110 0111100000
0101101011 0010110101 0011101000 0001010000 0110010110 1100011011 1111000000 1100000111 1011111101 1000101110
2 3
001 101
100 000
2 7
1010111 0110111
0100010 1000010
5 9
001010001 101000101 010111111 000010110 100100010
111011000 010111000 000000000 000000100 010110101
1 6
011101
000100
10 10
1010000101 0110001011 1000100010 0111001011 0101110000 1001101101 1001011100 1010010111 0110110100 0101111010
1010010011 0110110101 0101101100 1000100010 1001011101 1010011001 1001100010 0111001011 0101111110 0110000100
2 8
10110011 01000111
10111000 01001100
4 9
010110001 100001011 010001110 110011010
111001000 001110010 111110111 011100011
7 6
111111 000100 110000 110001 101001 110110 100011
000010 100000 011100 011000 010100 101011 100010
10 10
0101100111 1000001011 0110110100 0001011110 1110010100 0000101001 1101100001 1010001000 1011111111 0111010010
0111100001 1111000011 1010101001 1101000000 0001111100 0110010110 0000011010 1001011100 1100110111 0010101111
6 10
0100011111 1111000010 0011110001 0011101010 0100100001 0011010000
0011110101 0100100101 0011010100 1111000110 0100011011 0011101110
1 6
011101
100110
10 10
0100100110 0111111001 0010001011 1111010110 1110010101 0110100011 0011000010 0110111001 0100000100 0001001100
0010100001 0111010010 0001101000 0000001001 1010110011 0101110100 1010010000 0111101010 1010100000 0100100101
3 9
011111000 001111100 010011101
111100010 011111101 001000110
10 10
0101010111 1110100001 1110111100 1001000010 0100011101 0000100001 0010101010 0011010010 1011101101 1101011110
0111011110 0001011011 1111100001 1010110000 1001010010 1010101101 1101001110 0100101101 0110100110 0000010001
10 10
1001100000 1100001110 1101100011 0011111100 0110011011 0110010010 1000000101 1110111011 0011111101 0001000100
0000011111 0101111001 1011100111 0011000111 1011101110 1110000000 1110000001 1100111000 0100011100 0001110010
4 5
01010 01011 10101 10100
00011 11100 11101 00010
10 6
101101 001100 111111 111010 100000 000001 111000 000000 100001 111100
101000 101010 001111 010111 111100 111001 100111 000010 001001 011010
10 10
0010010010 0101101001 1110110100 1001011101 1101111001 1100000010 0011101100 0110011111 1010000011 0001100110
0011100000 0111101111 1011110000 1000111101 1111010100 0000010110 1010001011 0101100101 1100001010 0100011011
10 10
1100010110 0011110001 1101001001 0000111011 1101010101 1010111100 0010100010 1111001111 0001101010 0110000100
1111011100 0010110001 0000101011 0111000010 1110001111 1011111010 1100010100 0000110111 1101000101 0001101000
6 10
1011011100 1001001100 0010010000 0000000000 0000000011 1001001111
0100100010 0100100001 1101101110 0110110001 1111111101 1101101101
10 10
0000000111 1000110100 0111011010 0100001011 1111100101 1010001000 1011100110 1001011101 0111110010 0100111001
0101111101 1110011100 1001000001 0110101111 0111000110 1001101001 0100010011 1010010000 1010100010 0001111110
3 10
0011110011 0100001100 0111001110
1011110001 1000001101 0000000110
10 10
0101110111 1110101001 0010010001 1100100110 0001100110 0000101000 1111001010 1011011111 1101010001 0010011100
0111010001 0110110010 1010001010 1001111101 0101001010 1000110011 0011000100 0100111101 1010000111 1101101100
4 7
0000011 0110111 1000100 1110001
1110010 0111011 0110011 0000111
2 7
0111111 1010110
0100010 1000010
10 10
0111001110 1110010011 1100111111 0010011110 0101100000 0000100101 1001110001 1010100001 1011011010 0101001100
1101010111 0100100100 1111111011 1000011001 1010110010 1011001001 0011110110 0100001000 0001001101 0110100110
4 6
110111 110010 110101 101010
101000 000110 010101 011110
8 9
101100011 111010101 110011101 111011100 101100010 101101010 100101011 111010100
100101010 100100010 110010100 110011101 100101011 110011100 111010101 101100011
7 9
000010001 110111101 001111101 101001100 110000011 111101111 001111011
111001110 010010011 110100010 000110000 110100100 001100010 001011100
10 10
0000010010 1101001101 1110100011 0001000111 1011001110 1100110000 0001101001 0111110000 1110111110 0010011101
0011100101 1111000111 1000100101 1101001000 0010011000 0001101011 0001110110 1110111100 0100011011 1110010010
2 8
01000000 11111001
10010110 00101111
5 6
010000 100000 110111 111011 110110
101100 110101 000010 011010 010100
10 10
1111110101 1101001010 1000111000 1000000011 0111010001 0001101110 0010001110 0000100100 0111111001 1110010111
0110010011 0001100110 0100111001 1110001111 1011111101 1000100000 1110110100 1001000010 0111011001 0001001110
4 5
10011 10001 00001 10111
00111 10010 00101 10100
8 10
0101100000 0101011111 0111011111 1011100000 1011011111 0111100000 1111100000 1111011111
0001100000 1011100000 0001011111 1011011111 1111100000 0011100000 1111011111 0011011111
8 9
000000001 011000010 001101001 111001001 010100100 100010000 111001011 001011010
101110010 000101100 001100101 010000010 011000011 010110010 010110011 100011011
10 10
0111111001 0101110010 1100100011 0001010010 0110100111 1010010110 1110110110 1000000011 0011011001 0010000111
1110110011 0010000010 1011001101 0110100010 0000010111 0100110111 1101100110 1001000110 1111101101 1010010011
5 10
0000111111 0000101100 0101001111 1011001101 0111001001
1001010111 1001000100 0010110110 1100110100 1110110010
10 10
1000001110 1111011010 0110000101 0111111110 1111110010 0100000101 1000001100 1010110001 0001101001 0001110011
0001011001 1010000001 1111101101 0100011010 1100010110 1101101101 0011100110 0011100100 1010011011 0100110010
7 7
0001101 1110011 0101010 0110111 1010010 0100001 0111101
1100010 0111101 1011000 1001110 0011100 1010010 1000101
7 9
100000101 010000110 111001011 000010011 000010101 011101011 001100110
101111100 110100000 110001011 000110010 100011110 100001101 001101001
